[LAYOUT]
L0.X=0
L0.Y=2200
L1.X=2566
L1.Y=2202
L8.X=1283
L8.Y=1338
OFFSET=-15
SCALE=-0.5

[X-AXIS]
RADIUS=6.0
RATIO=0.01238

[Y-AXIS]
RADIUS=6.0
RATIO=0.01238

[Z-AXIS]
MIN=180
MAX=140

[SPACE-WAVE]
W0.X=+0
W0.Y=+0
W1.X=+0
W1.Y=+1.25
W2.X=+0
W2.Y=+0
W3.X=+0
W3.Y=+0
W4.X=+0
W4.Y=+1.25
W5.X=+0
W5.Y=+0
W6.X=+0
W6.Y=+0
W7.X=+0
W7.Y=+1.25
W8.X=+0
W8.Y=+0
DXMAX=594.5
DYMAX=420.5
SCALE=1.0
OFF=0

